00000000000000000000000000001111111111111111111111111111122222222222211222222222222112111121111121121111121111211311112111112112111112111131121111211111211211111211112112222222222222222222222222211211112112111111112112111121121111211211111111211211112112222221122221122221122222211111112111110110111112111111000001211111011011111210000000000121100000000001121000000000012110111001110112100000111111211010000001011211111100000020001000000100020000001111112110100000010112111111000001211011111111011210000000000121100000000001121000000000012110111111110112100000111111211011111111011211111112222222222221122222222222211211112111112112111112111121121111211111211211111211112113221122222220022222221122311112112112111111112112112111111211211211111111211211211112222221122221122221122222211211111111112112111111111121121111111111211211111111112112222222222222222222222222211111111111111111111111111111

/////////////Map////////////
0000000000000000000000000000 30
0000000000000000000000000000 29
1111111111111111111111111111 28
1222222222222112222222222221 27
1211112111112112111112111121 26
1311112111112112111112111131 25
1211112111112112111112111121 24
1222222222222222222222222221 23
1211112112111111112112111121 22
1211112112111111112112111121 21
1222222112222112222112222221 20
1111112111110110111112111111 19
0000012111110110111112100000 18
0000012110000000000112100000 17
0000012110111001110112100000 16
1111112110100000010112111111 15
0000002000100000010002000000 14
1111112110100000010112111111 13
0000012110111111110112100000 12
0000012110000000000112100000 11
0000012110111111110112100000 10
1111112110111111110112111111 9
1222222222222112222222222221 8
1211112111112112111112111121 7 + 2
1211112111112112111112111121
1322112222222002222222112231 6--
1112112112111111112112112111 5
1112112112111111112112112111 4
1222222112222112222112222221 3 + 1
1211111111112112111111111121 3
1211111111112112111111111121 2
1222222222222222222222222221 1
1111111111111111111111111111 0
////////////////////////////

